Dia	fecha	Infectados	Fallecidos	Recuperados 	Pruebas
1	06/03/20	1	0	0	155
2	07/03/20	6	0	0	188
3	08/03/20	6	0	0	219
4	09/03/20	9	0	0	318
5	10/03/20	11	0	0	346
6	11/03/20	15	0	0	656
7	12/03/20	22	0	0	905
8	13/03/20	38	0	0	1232
9	14/03/20	43	0	0	1545
10	15/03/20	71	0	0	1822
11	16/03/20	86	0	0	2315
12	17/03/20	117	0	0	2797
13	18/03/20	145	0	0	3075
14	19/03/20	234	3	1	3841
15	20/03/20	263	4	1	4298
16	21/03/20	318	5	1	6209
17	22/03/20	363	5	1	6684
18	23/03/20	395	6	1	7013
19	24/03/20	416	9	1	7564
20	25/03/20	480	9	1	8040
21	26/03/20	580	13	1	9219
22	27/03/20	635	18	14	10065
23	28/03/20	671	20	16	10896
24	29/03/20	852	29	16	12669
25	30/03/20	950	37	53	13452
26	31/03/20	1065	46	394	14463
27	01/04/20	1323	47	447	15587
28	02/04/20	1414	48	537	16518
29	03/04/20	1595	55	627	17334
30	04/04/20	1746	73	913	17841
31	05/04/20	2281	83	915	19410
32	06/04/20	2561	91	996	20414
33	07/04/20	2954	93	998	21555
34	08/04/20	4342	121	1333	39599
35	09/04/20	5256	138	1438	48465
36	10/04/20	5897	169	1569	56681
37	11/04/20	6848	181	1739	65712
38	12/04/20	7519	192	1797	76506
39	13/04/20	9784	194	1799	87116
40	14/04/20	10303	230	2869	102216
41	15/04/20	11475	254	3108	109385
42	16/04/20	12491	274	6120	121468
43	17/04/20	13489	300	6541	127513
44	18/04/20	14420	348	6684	135895
45	19/04/20	15628	400	6811	143745
46	20/04/20	16325	445	6968	148011
47	21/04/20	17837	484	6982	155724
48	22/04/20	19250	530	7027	170400
49	23/04/20	20914	572	7422	185238
50	24/04/20	21648	634	7496	198349
51	25/04/20	25331	700	7797	218195
52	26/04/20	27517	728	8088	232747
53	27/04/20	28699	782	8429	239563
54	28/04/20	31190	854	9178	267612
55	29/04/20	33931	943	9180	300000
56	30/04/20	36976	1051	10405	318252
57	01/05/20	40459	1123	11128	342498
58	02/05/20	42534	1125	11130	355604
59	03/05/20	45928	1286	13550	375096
60	04/05/20	47372	1344	14427	385492
61	05/05/20	51189	1444	15413	406579
62	06/05/20	54817	1533	17527	429458
63	07/05/20	58526	1627	18388	448020
64	08/05/20	61847	1714	19012	473190
65	09/05/20	65015	1814	20246	494250
66	10/05/20	67307	1889	21349	504930
67	11/05/20	68822	1961	22406	512869
68	12/05/20	72059	2057	23324	532169
69	13/05/20	76306	2169	24324	553302
70	14/05/20	80604	2267	25151	587292
71	15/05/20	84495	2392	27147	605383
72	16/05/20	88541	2523	28272	630482
73	17/05/20	92273	2648	28621	650613
74	18/05/20	94933	2789	30306	661132
75	19/05/20	99483	2914	36524	679582
76	20/05/20	104020	3024	41968	715423
77	21/05/20	108768	3148	43587	736500
78	22/05/20	111698	3244	44848	750526
79	23/05/20	115754	3373	47915	788341
80	24/05/20	119959	3456	49795	820967
81	25/05/20	123979	3629	50946	840922
82	26/05/20	129751	3788	52906	875721
83	27/05/20	135905	3983	56169	905278
84	28/05/20	141779	4099	59442	928797
85	29/05/20	148285	4230	62791	963617
86	30/05/20	155671	4371	66447	1012708
87	31/05/20	164476	4506	67208	1058874
88	01/06/20	170039	4634	68507	1076659
89	02/06/20	174884	4767	69257	1092646
90	03/06/20	178914	4894	72319	1115615
91	04/06/20	183198	5031	76228	1135831
92	05/06/20	187400	5160	79214	1154468
93	06/06/20	191758	5301	82731	1173003
94	07/06/20	196515	5465	86219	1191956
95	08/06/20	199696	5571	89556	1203985
96	09/06/20	203736	5738	92929	1227691
97	10/06/20	208823	5903	98031	1255756
98	11/06/20	214788	6109	102429	1282478
99	12/06/20	220749	6308	107133	1315417
100	13/06/20	225132	6498	111724	1338477
101	14/06/20	229736	6688	115579	1360839
102	15/06/20	232992	6860	119409	1376478
103	16/06/20	237156	7056	125205	1396605
104	17/06/20	240908	7257	128622	1417911
105	18/06/20	244388	7461	131190	1439767
106	19/06/20	247925	7660	135520	1461266
107	20/06/20	251338	7861	138763	1482563
108	21/06/20	254936	8045	141967	1504209
109	22/06/20	257447	8223	145320	1517930
110	23/06/20	260810	8404	148437	1539746
111	24/06/20	264689	8586	151589	1561653
112	25/06/20	268602	8761	156074	1583605
113	26/06/20	272364	8939	159806	1604521
114	27/06/20	275989	9135	164024	1625135
115	28/06/20	279419	9317	167998	1645112
116	29/06/20	282365	9504	171159	1661324
117	30/06/20	285213	9677	174535	1679386
118	01/07/20	288477	9860	178245	1699369
119	02/07/20	292004	10045	182097	1720261
120	03/07/20	295599	10226	185852	1740969
121	04/07/20	299080	10412	189621	1761910
122	05/07/20	302718	10589	193957	1782846
123	06/07/20	305703	10772	197619	1800690
124	07/07/20	309278	10952	200938	1821328
